<!DOCTYPE html>
<!-- Generated by pkgdown: do not edit by hand --><html lang="en"><head><meta http-equiv="Content-Type" content="text/html; charset=UTF-8"><meta charset="utf-8"><meta http-equiv="X-UA-Compatible" content="IE=edge"><meta name="viewport" content="width=device-width, initial-scale=1.0"><title>Perform Empirical Bayes (EB) on Inferred Likelihood Matrix — fash_eb_est • fashr</title><!-- jquery --><script src="https://cdnjs.cloudflare.com/ajax/libs/jquery/3.7.1/jquery.min.js" integrity="sha512-v2CJ7UaYy4JwqLDIrZUI/4hqeoQieOmAZNXBeQyjo21dadnwR+8ZaIJVT8EE2iyI61OV8e6M8PP2/4hpQINQ/g==" crossorigin="anonymous" referrerpolicy="no-referrer"></script><!-- Bootstrap --><link rel="stylesheet" href="https://cdnjs.cloudflare.com/ajax/libs/twitter-bootstrap/3.4.1/css/bootstrap.min.css" integrity="sha256-bZLfwXAP04zRMK2BjiO8iu9pf4FbLqX6zitd+tIvLhE=" crossorigin="anonymous"><script src="https://cdnjs.cloudflare.com/ajax/libs/twitter-bootstrap/3.4.1/js/bootstrap.min.js" integrity="sha256-nuL8/2cJ5NDSSwnKD8VqreErSWHtnEP9E7AySL+1ev4=" crossorigin="anonymous"></script><!-- bootstrap-toc --><link rel="stylesheet" href="../bootstrap-toc.css"><script src="../bootstrap-toc.js"></script><!-- Font Awesome icons --><link rel="stylesheet" href="https://cdnjs.cloudflare.com/ajax/libs/font-awesome/5.12.1/css/all.min.css" integrity="sha256-mmgLkCYLUQbXn0B1SRqzHar6dCnv9oZFPEC1g1cwlkk=" crossorigin="anonymous"><link rel="stylesheet" href="https://cdnjs.cloudflare.com/ajax/libs/font-awesome/5.12.1/css/v4-shims.min.css" integrity="sha256-wZjR52fzng1pJHwx4aV2AO3yyTOXrcDW7jBpJtTwVxw=" crossorigin="anonymous"><!-- clipboard.js --><script src="https://cdnjs.cloudflare.com/ajax/libs/clipboard.js/2.0.6/clipboard.min.js" integrity="sha256-inc5kl9MA1hkeYUt+EC3BhlIgyp/2jDIyBLS6k3UxPI=" crossorigin="anonymous"></script><!-- headroom.js --><script src="https://cdnjs.cloudflare.com/ajax/libs/headroom/0.11.0/headroom.min.js" integrity="sha256-AsUX4SJE1+yuDu5+mAVzJbuYNPHj/WroHuZ8Ir/CkE0=" crossorigin="anonymous"></script><script src="https://cdnjs.cloudflare.com/ajax/libs/headroom/0.11.0/jQuery.headroom.min.js" integrity="sha256-ZX/yNShbjqsohH1k95liqY9Gd8uOiE1S4vZc+9KQ1K4=" crossorigin="anonymous"></script><!-- pkgdown --><link href="../pkgdown.css" rel="stylesheet"><script src="../pkgdown.js"></script><meta property="og:title" content="Perform Empirical Bayes (EB) on Inferred Likelihood Matrix — fash_eb_est"><meta property="og:description" content="This function performs empirical Bayes estimation on the provided (log) likelihood matrix, incorporating an optional Dirichlet prior penalty."><!-- mathjax --><script src="https://cdnjs.cloudflare.com/ajax/libs/mathjax/2.7.5/MathJax.js" integrity="sha256-nvJJv9wWKEm88qvoQl9ekL2J+k/RWIsaSScxxlsrv8k=" crossorigin="anonymous"></script><script src="https://cdnjs.cloudflare.com/ajax/libs/mathjax/2.7.5/config/TeX-AMS-MML_HTMLorMML.js" integrity="sha256-84DKXVJXs0/F8OTMzX4UR909+jtl4G7SPypPavF+GfA=" crossorigin="anonymous"></script><!--[if lt IE 9]>
<script src="https://oss.maxcdn.com/html5shiv/3.7.3/html5shiv.min.js"></script>
<script src="https://oss.maxcdn.com/respond/1.4.2/respond.min.js"></script>
<![endif]--></head><body data-spy="scroll" data-target="#toc">


    <div class="container template-reference-topic">
      <header><div class="navbar navbar-default navbar-fixed-top" role="navigation">
  <div class="container">
    <div class="navbar-header">
      <button type="button" class="navbar-toggle collapsed" data-toggle="collapse" data-target="#navbar" aria-expanded="false">
        <span class="sr-only">Toggle navigation</span>
        <span class="icon-bar"></span>
        <span class="icon-bar"></span>
        <span class="icon-bar"></span>
      </button>
      <span class="navbar-brand">
        <a class="navbar-link" href="../index.html">fashr</a>
        <span class="version label label-default" data-toggle="tooltip" data-placement="bottom" title="">0.1.15</span>
      </span>
    </div>

    <div id="navbar" class="navbar-collapse collapse">
      <ul class="nav navbar-nav"><li>
  <a href="../reference/index.html">Reference</a>
</li>
<li class="dropdown">
  <a href="#" class="dropdown-toggle" data-toggle="dropdown" role="button" data-bs-toggle="dropdown" aria-expanded="false">
    Articles

    <span class="caret"></span>
  </a>
  <ul class="dropdown-menu" role="menu"><li>
      <a href="../articles/Basics.html">Basic Usage of `fashr`</a>
    </li>
    <li>
      <a href="../articles/Introduction.html">Introduction to FASH</a>
    </li>
  </ul></li>
      </ul><ul class="nav navbar-nav navbar-right"><li>
  <a href="https://github.com/AgueroZZ/fashr/" class="external-link">
    <span class="fab fa-github fa-lg"></span>

  </a>
</li>
      </ul></div><!--/.nav-collapse -->
  </div><!--/.container -->
</div><!--/.navbar -->



      </header><div class="row">
  <div class="col-md-9 contents">
    <div class="page-header">
    <h1>Perform Empirical Bayes (EB) on Inferred Likelihood Matrix</h1>
    <small class="dont-index">Source: <a href="https://github.com/AgueroZZ/fashr/blob/HEAD/R/02_empirical_bayes.R" class="external-link"><code>R/02_empirical_bayes.R</code></a></small>
    <div class="hidden name"><code>fash_eb_est.Rd</code></div>
    </div>

    <div class="ref-description">
    <p>This function performs empirical Bayes estimation on the provided (log) likelihood matrix, incorporating an optional Dirichlet prior penalty.</p>
    </div>

    <div id="ref-usage">
    <div class="sourceCode"><pre class="sourceCode r"><code><span><span class="fu">fash_eb_est</span><span class="op">(</span><span class="va">L_matrix</span>, penalty <span class="op">=</span> <span class="fl">1</span>, <span class="va">grid</span><span class="op">)</span></span></code></pre></div>
    </div>

    <div id="arguments">
    <h2>Arguments</h2>


<dl><dt id="arg-l-matrix">L_matrix<a class="anchor" aria-label="anchor" href="#arg-l-matrix"></a></dt>
<dd><p>A numeric matrix representing the log-likelihood values. Rows correspond to datasets, and columns correspond to grid points.</p></dd>


<dt id="arg-penalty">penalty<a class="anchor" aria-label="anchor" href="#arg-penalty"></a></dt>
<dd><p>A numeric value representing the lambda value for the Dirichlet prior.</p></dd>


<dt id="arg-grid">grid<a class="anchor" aria-label="anchor" href="#arg-grid"></a></dt>
<dd><p>A numeric vector representing the grid of PSD (Predictive Standard Deviation) values.</p></dd>

</dl></div>
    <div id="value">
    <h2>Value</h2>
    <p>A list containing:</p><dl><dt><code>prior_weight</code></dt>
<dd><p>A data frame with two columns: <code>psd</code> (non-trivial PSD values) and <code>prior_weight</code> (learned prior weights).</p></dd>

    <dt><code>posterior_weight</code></dt>
<dd><p>A numeric matrix where rows correspond to datasets, and columns correspond to non-trivial PSD values, representing the posterior weights.</p></dd>


</dl></div>

    <div id="ref-examples">
    <h2>Examples</h2>
    <div class="sourceCode"><pre class="sourceCode r"><code><span class="r-in"><span><span class="co"># Example usage</span></span></span>
<span class="r-in"><span><span class="va">L_matrix</span> <span class="op">&lt;-</span> <span class="fu"><a href="https://rdrr.io/r/base/matrix.html" class="external-link">matrix</a></span><span class="op">(</span><span class="fu"><a href="https://rdrr.io/r/stats/Normal.html" class="external-link">rnorm</a></span><span class="op">(</span><span class="fl">500</span><span class="op">)</span>, nrow <span class="op">=</span> <span class="fl">100</span>, ncol <span class="op">=</span> <span class="fl">5</span><span class="op">)</span></span></span>
<span class="r-in"><span><span class="va">grid</span> <span class="op">&lt;-</span> <span class="fu"><a href="https://rdrr.io/r/base/seq.html" class="external-link">seq</a></span><span class="op">(</span><span class="fl">0</span>, <span class="fl">2</span>, length.out <span class="op">=</span> <span class="fl">5</span><span class="op">)</span></span></span>
<span class="r-in"><span><span class="va">result</span> <span class="op">&lt;-</span> <span class="fu">fash_eb_est</span><span class="op">(</span><span class="va">L_matrix</span>, penalty <span class="op">=</span> <span class="fl">2</span>, grid <span class="op">=</span> <span class="va">grid</span><span class="op">)</span></span></span>
<span class="r-in"><span><span class="fu"><a href="https://rdrr.io/r/base/print.html" class="external-link">print</a></span><span class="op">(</span><span class="va">result</span><span class="op">$</span><span class="va">prior_weight</span><span class="op">)</span></span></span>
<span class="r-out co"><span class="r-pr">#&gt;</span>   psd prior_weight</span>
<span class="r-out co"><span class="r-pr">#&gt;</span> 1 0.0   0.31335429</span>
<span class="r-out co"><span class="r-pr">#&gt;</span> 2 0.5   0.21984240</span>
<span class="r-out co"><span class="r-pr">#&gt;</span> 3 1.0   0.17355377</span>
<span class="r-out co"><span class="r-pr">#&gt;</span> 4 1.5   0.09710224</span>
<span class="r-out co"><span class="r-pr">#&gt;</span> 5 2.0   0.19614730</span>
<span class="r-in"><span><span class="fu"><a href="https://rdrr.io/r/base/print.html" class="external-link">print</a></span><span class="op">(</span><span class="va">result</span><span class="op">$</span><span class="va">posterior_weight</span><span class="op">)</span></span></span>
<span class="r-out co"><span class="r-pr">#&gt;</span>                 0        0.5          1         1.5          2</span>
<span class="r-out co"><span class="r-pr">#&gt;</span>   [1,] 0.74241670 0.04464474 0.07475874 0.046707002 0.09147281</span>
<span class="r-out co"><span class="r-pr">#&gt;</span>   [2,] 0.37674187 0.13996955 0.16550654 0.282308580 0.03547346</span>
<span class="r-out co"><span class="r-pr">#&gt;</span>   [3,] 0.19279313 0.57765277 0.05420684 0.114377213 0.06097005</span>
<span class="r-out co"><span class="r-pr">#&gt;</span>   [4,] 0.82911896 0.04904574 0.06515758 0.042324858 0.01435286</span>
<span class="r-out co"><span class="r-pr">#&gt;</span>   [5,] 0.44793740 0.14464583 0.06023914 0.039930656 0.30724698</span>
<span class="r-out co"><span class="r-pr">#&gt;</span>   [6,] 0.29557004 0.14622190 0.09297339 0.338523109 0.12671156</span>
<span class="r-out co"><span class="r-pr">#&gt;</span>   [7,] 0.76247501 0.07634919 0.04891426 0.013722903 0.09853863</span>
<span class="r-out co"><span class="r-pr">#&gt;</span>   [8,] 0.14550764 0.27962631 0.04008105 0.060158436 0.47462656</span>
<span class="r-out co"><span class="r-pr">#&gt;</span>   [9,] 0.40095200 0.05223151 0.06790996 0.038934851 0.43997168</span>
<span class="r-out co"><span class="r-pr">#&gt;</span>  [10,] 0.19059498 0.06470527 0.52967372 0.180584213 0.03444181</span>
<span class="r-out co"><span class="r-pr">#&gt;</span>  [11,] 0.29661401 0.14824975 0.26855532 0.043274856 0.24330606</span>
<span class="r-out co"><span class="r-pr">#&gt;</span>  [12,] 0.17138085 0.04892482 0.09594302 0.085270104 0.59848121</span>
<span class="r-out co"><span class="r-pr">#&gt;</span>  [13,] 0.41857728 0.19714756 0.16641249 0.110325786 0.10753689</span>
<span class="r-out co"><span class="r-pr">#&gt;</span>  [14,] 0.41137574 0.20096965 0.03166842 0.134263296 0.22172290</span>
<span class="r-out co"><span class="r-pr">#&gt;</span>  [15,] 0.10504764 0.19795305 0.27876871 0.172279576 0.24595102</span>
<span class="r-out co"><span class="r-pr">#&gt;</span>  [16,] 0.18337235 0.36020021 0.33386824 0.020574545 0.10198465</span>
<span class="r-out co"><span class="r-pr">#&gt;</span>  [17,] 0.09594723 0.07718491 0.07464673 0.064289728 0.68793141</span>
<span class="r-out co"><span class="r-pr">#&gt;</span>  [18,] 0.15829053 0.19734819 0.46507841 0.050715398 0.12856746</span>
<span class="r-out co"><span class="r-pr">#&gt;</span>  [19,] 0.28914647 0.21349560 0.22199402 0.026493864 0.24887005</span>
<span class="r-out co"><span class="r-pr">#&gt;</span>  [20,] 0.50533777 0.02823346 0.28852046 0.004940814 0.17296750</span>
<span class="r-out co"><span class="r-pr">#&gt;</span>  [21,] 0.15589314 0.47487216 0.06265777 0.155724638 0.15085230</span>
<span class="r-out co"><span class="r-pr">#&gt;</span>  [22,] 0.17843092 0.20310926 0.33408626 0.057012436 0.22736113</span>
<span class="r-out co"><span class="r-pr">#&gt;</span>  [23,] 0.55997341 0.04075160 0.26395683 0.008717866 0.12660030</span>
<span class="r-out co"><span class="r-pr">#&gt;</span>  [24,] 0.10353860 0.10659855 0.37849509 0.240205354 0.17116241</span>
<span class="r-out co"><span class="r-pr">#&gt;</span>  [25,] 0.29694870 0.21445117 0.08507059 0.037827239 0.36570230</span>
<span class="r-out co"><span class="r-pr">#&gt;</span>  [26,] 0.14470356 0.41079608 0.15379229 0.123154082 0.16755399</span>
<span class="r-out co"><span class="r-pr">#&gt;</span>  [27,] 0.11167160 0.65463761 0.02661524 0.146499387 0.06057615</span>
<span class="r-out co"><span class="r-pr">#&gt;</span>  [28,] 0.25568544 0.11153945 0.08031218 0.171017569 0.38144536</span>
<span class="r-out co"><span class="r-pr">#&gt;</span>  [29,] 0.42263625 0.08412162 0.21679374 0.124976588 0.15147180</span>
<span class="r-out co"><span class="r-pr">#&gt;</span>  [30,] 0.42892795 0.19202532 0.18042608 0.077499985 0.12112067</span>
<span class="r-out co"><span class="r-pr">#&gt;</span>  [31,] 0.06649305 0.38482195 0.04535932 0.415425773 0.08789990</span>
<span class="r-out co"><span class="r-pr">#&gt;</span>  [32,] 0.30144639 0.40445205 0.17522770 0.018749326 0.10012454</span>
<span class="r-out co"><span class="r-pr">#&gt;</span>  [33,] 0.05063275 0.42822950 0.25960274 0.068020425 0.19351459</span>
<span class="r-out co"><span class="r-pr">#&gt;</span>  [34,] 0.75213822 0.16545477 0.01094030 0.037200642 0.03426605</span>
<span class="r-out co"><span class="r-pr">#&gt;</span>  [35,] 0.17388712 0.29054025 0.27808750 0.129631802 0.12785334</span>
<span class="r-out co"><span class="r-pr">#&gt;</span>  [36,] 0.18633748 0.49025026 0.24035295 0.065372572 0.01768674</span>
<span class="r-out co"><span class="r-pr">#&gt;</span>  [37,] 0.32517245 0.06681420 0.04811571 0.177699303 0.38219834</span>
<span class="r-out co"><span class="r-pr">#&gt;</span>  [38,] 0.42732054 0.10536241 0.26123341 0.004762396 0.20132123</span>
<span class="r-out co"><span class="r-pr">#&gt;</span>  [39,] 0.42310866 0.06091953 0.09666843 0.178004431 0.24129895</span>
<span class="r-out co"><span class="r-pr">#&gt;</span>  [40,] 0.53413124 0.21630974 0.14744015 0.041888067 0.06023081</span>
<span class="r-out co"><span class="r-pr">#&gt;</span>  [41,] 0.13173348 0.59400959 0.16819816 0.072056820 0.03400195</span>
<span class="r-out co"><span class="r-pr">#&gt;</span>  [42,] 0.30390823 0.05832803 0.31276727 0.189678429 0.13531804</span>
<span class="r-out co"><span class="r-pr">#&gt;</span>  [43,] 0.50812671 0.23101377 0.02617159 0.043752639 0.19093529</span>
<span class="r-out co"><span class="r-pr">#&gt;</span>  [44,] 0.19357525 0.31794493 0.29787463 0.086319439 0.10428575</span>
<span class="r-out co"><span class="r-pr">#&gt;</span>  [45,] 0.50436251 0.02976773 0.36982359 0.070220585 0.02582559</span>
<span class="r-out co"><span class="r-pr">#&gt;</span>  [46,] 0.21126247 0.38413532 0.14159488 0.135515085 0.12749224</span>
<span class="r-out co"><span class="r-pr">#&gt;</span>  [47,] 0.13841112 0.20600240 0.09715817 0.035956764 0.52247155</span>
<span class="r-out co"><span class="r-pr">#&gt;</span>  [48,] 0.06006654 0.22389908 0.18549133 0.250115339 0.28042770</span>
<span class="r-out co"><span class="r-pr">#&gt;</span>  [49,] 0.30702540 0.27352379 0.16800002 0.161269618 0.09018116</span>
<span class="r-out co"><span class="r-pr">#&gt;</span>  [50,] 0.02200959 0.12514491 0.29300744 0.048690340 0.51114772</span>
<span class="r-out co"><span class="r-pr">#&gt;</span>  [51,] 0.06857957 0.42685493 0.10532238 0.088624487 0.31061864</span>
<span class="r-out co"><span class="r-pr">#&gt;</span>  [52,] 0.61930801 0.03198689 0.19577877 0.041498482 0.11142784</span>
<span class="r-out co"><span class="r-pr">#&gt;</span>  [53,] 0.21940684 0.51067925 0.04567499 0.060625526 0.16361340</span>
<span class="r-out co"><span class="r-pr">#&gt;</span>  [54,] 0.65889519 0.06742027 0.05534942 0.048228626 0.17010649</span>
<span class="r-out co"><span class="r-pr">#&gt;</span>  [55,] 0.30905439 0.18042570 0.20147278 0.090569935 0.21847719</span>
<span class="r-out co"><span class="r-pr">#&gt;</span>  [56,] 0.36496541 0.07291413 0.35254430 0.065247096 0.14432907</span>
<span class="r-out co"><span class="r-pr">#&gt;</span>  [57,] 0.11536839 0.02593719 0.41176272 0.059246540 0.38768515</span>
<span class="r-out co"><span class="r-pr">#&gt;</span>  [58,] 0.18041476 0.74307094 0.05094691 0.004226224 0.02134117</span>
<span class="r-out co"><span class="r-pr">#&gt;</span>  [59,] 0.30175566 0.12145560 0.37229276 0.094362872 0.11013311</span>
<span class="r-out co"><span class="r-pr">#&gt;</span>  [60,] 0.48857584 0.15658468 0.06180506 0.018967997 0.27406642</span>
<span class="r-out co"><span class="r-pr">#&gt;</span>  [61,] 0.09530551 0.36204262 0.26344064 0.075599500 0.20361173</span>
<span class="r-out co"><span class="r-pr">#&gt;</span>  [62,] 0.28773732 0.35639323 0.14581495 0.119807446 0.09024705</span>
<span class="r-out co"><span class="r-pr">#&gt;</span>  [63,] 0.14492073 0.09633952 0.24922641 0.302502211 0.20701114</span>
<span class="r-out co"><span class="r-pr">#&gt;</span>  [64,] 0.19691119 0.35077484 0.10718307 0.030395225 0.31473568</span>
<span class="r-out co"><span class="r-pr">#&gt;</span>  [65,] 0.24927078 0.28470920 0.01351193 0.039954644 0.41255345</span>
<span class="r-out co"><span class="r-pr">#&gt;</span>  [66,] 0.14925046 0.11219005 0.29191090 0.067273143 0.37937544</span>
<span class="r-out co"><span class="r-pr">#&gt;</span>  [67,] 0.29943520 0.23346597 0.37804663 0.029183385 0.05986881</span>
<span class="r-out co"><span class="r-pr">#&gt;</span>  [68,] 0.48638669 0.18983906 0.21045710 0.014645402 0.09867175</span>
<span class="r-out co"><span class="r-pr">#&gt;</span>  [69,] 0.30929745 0.55995783 0.07899040 0.022241958 0.02951236</span>
<span class="r-out co"><span class="r-pr">#&gt;</span>  [70,] 0.22411960 0.44169418 0.06706862 0.051778188 0.21533941</span>
<span class="r-out co"><span class="r-pr">#&gt;</span>  [71,] 0.13250913 0.24443910 0.28590115 0.253650343 0.08350027</span>
<span class="r-out co"><span class="r-pr">#&gt;</span>  [72,] 0.09026538 0.38910948 0.02802397 0.028287965 0.46431321</span>
<span class="r-out co"><span class="r-pr">#&gt;</span>  [73,] 0.23748007 0.09337646 0.08933420 0.501632410 0.07817685</span>
<span class="r-out co"><span class="r-pr">#&gt;</span>  [74,] 0.51965556 0.20983723 0.07331563 0.149671948 0.04751963</span>
<span class="r-out co"><span class="r-pr">#&gt;</span>  [75,] 0.62248175 0.01611871 0.06948453 0.081083479 0.21083153</span>
<span class="r-out co"><span class="r-pr">#&gt;</span>  [76,] 0.08600301 0.02261700 0.04455678 0.088859317 0.75796388</span>
<span class="r-out co"><span class="r-pr">#&gt;</span>  [77,] 0.18837434 0.12797916 0.33451009 0.321302785 0.02783362</span>
<span class="r-out co"><span class="r-pr">#&gt;</span>  [78,] 0.51959643 0.12782257 0.14663831 0.042959066 0.16298363</span>
<span class="r-out co"><span class="r-pr">#&gt;</span>  [79,] 0.13664030 0.18491672 0.09278584 0.121121701 0.46453543</span>
<span class="r-out co"><span class="r-pr">#&gt;</span>  [80,] 0.10612166 0.11727450 0.07964392 0.039257617 0.65770230</span>
<span class="r-out co"><span class="r-pr">#&gt;</span>  [81,] 0.11335232 0.64280703 0.10657274 0.062120142 0.07514777</span>
<span class="r-out co"><span class="r-pr">#&gt;</span>  [82,] 0.32018872 0.45200858 0.08534708 0.046004702 0.09645092</span>
<span class="r-out co"><span class="r-pr">#&gt;</span>  [83,] 0.12072114 0.15685286 0.46917980 0.086416851 0.16682934</span>
<span class="r-out co"><span class="r-pr">#&gt;</span>  [84,] 0.27502145 0.24949087 0.23888419 0.068889583 0.16771392</span>
<span class="r-out co"><span class="r-pr">#&gt;</span>  [85,] 0.12403086 0.48035403 0.08755008 0.028197012 0.27986802</span>
<span class="r-out co"><span class="r-pr">#&gt;</span>  [86,] 0.21920346 0.15423700 0.16115985 0.048607574 0.41679212</span>
<span class="r-out co"><span class="r-pr">#&gt;</span>  [87,] 0.04816565 0.14458261 0.62758662 0.098108764 0.08155636</span>
<span class="r-out co"><span class="r-pr">#&gt;</span>  [88,] 0.60037627 0.07556370 0.04934648 0.040654960 0.23405859</span>
<span class="r-out co"><span class="r-pr">#&gt;</span>  [89,] 0.70803060 0.06833988 0.11763451 0.026653722 0.07934129</span>
<span class="r-out co"><span class="r-pr">#&gt;</span>  [90,] 0.04637567 0.22731802 0.41399681 0.022723246 0.28958625</span>
<span class="r-out co"><span class="r-pr">#&gt;</span>  [91,] 0.76560722 0.09811215 0.04553726 0.070633076 0.02011030</span>
<span class="r-out co"><span class="r-pr">#&gt;</span>  [92,] 0.65692218 0.16395003 0.03329102 0.046248025 0.09958875</span>
<span class="r-out co"><span class="r-pr">#&gt;</span>  [93,] 0.80445772 0.01250964 0.02474774 0.076688165 0.08159673</span>
<span class="r-out co"><span class="r-pr">#&gt;</span>  [94,] 0.07287595 0.04807165 0.60836937 0.063010070 0.20767296</span>
<span class="r-out co"><span class="r-pr">#&gt;</span>  [95,] 0.28177982 0.17295655 0.29124554 0.172150381 0.08186771</span>
<span class="r-out co"><span class="r-pr">#&gt;</span>  [96,] 0.67662307 0.15929836 0.01995048 0.039641697 0.10448639</span>
<span class="r-out co"><span class="r-pr">#&gt;</span>  [97,] 0.40575680 0.06120421 0.01141647 0.363293667 0.15832885</span>
<span class="r-out co"><span class="r-pr">#&gt;</span>  [98,] 0.29485058 0.37147217 0.08850791 0.190477475 0.05469187</span>
<span class="r-out co"><span class="r-pr">#&gt;</span>  [99,] 0.24939290 0.10295568 0.26665318 0.040937095 0.34006114</span>
<span class="r-out co"><span class="r-pr">#&gt;</span> [100,] 0.15820764 0.70914320 0.04896017 0.020100234 0.06358875</span>
<span class="r-in"><span></span></span>
</code></pre></div>
    </div>
  </div>
  <div class="col-md-3 hidden-xs hidden-sm" id="pkgdown-sidebar">
    <nav id="toc" data-toggle="toc" class="sticky-top"><h2 data-toc-skip>Contents</h2>
    </nav></div>
</div>


      <footer><div class="copyright">
  <p></p><p>Developed by Ziang Zhang, Peter Carbonetto, Matthew Stephens.</p>
</div>

<div class="pkgdown">
  <p></p><p>Site built with <a href="https://pkgdown.r-lib.org/" class="external-link">pkgdown</a> 2.1.1.</p>
</div>

      </footer></div>






  </body></html>

